4.749737792968750000e+03
4.750987792968750000e+03
4.752237792968750000e+03
4.753487792968750000e+03
4.754737792968750000e+03
4.755987792968750000e+03
4.757237792968750000e+03
4.758487792968750000e+03
4.759737792968750000e+03
4.760987792968750000e+03
4.762237792968750000e+03
4.763487792968750000e+03
4.764737792968750000e+03
4.765987792968750000e+03
4.767237792968750000e+03
4.768487792968750000e+03
4.769737792968750000e+03
4.770987792968750000e+03
4.772237792968750000e+03
4.773487792968750000e+03
4.774737792968750000e+03
4.775987792968750000e+03
4.777237792968750000e+03
4.778487792968750000e+03
4.779737792968750000e+03
4.780987792968750000e+03
4.782237792968750000e+03
4.783487792968750000e+03
4.784737792968750000e+03
4.785987792968750000e+03
4.787237792968750000e+03
4.788487792968750000e+03
4.789737792968750000e+03
4.790987792968750000e+03
4.792237792968750000e+03
4.793487792968750000e+03
4.794737792968750000e+03
4.795987792968750000e+03
4.797237792968750000e+03
4.798487792968750000e+03
4.799737792968750000e+03
4.800987792968750000e+03
4.802237792968750000e+03
4.803487792968750000e+03
4.804737792968750000e+03
4.805987792968750000e+03
4.807237792968750000e+03
4.808487792968750000e+03
4.809737792968750000e+03
4.810987792968750000e+03
4.812237792968750000e+03
4.813487792968750000e+03
4.814737792968750000e+03
4.815987792968750000e+03
4.817237792968750000e+03
4.818487792968750000e+03
4.819737792968750000e+03
4.820987792968750000e+03
4.822237792968750000e+03
4.823487792968750000e+03
4.824737792968750000e+03
4.825987792968750000e+03
4.827237792968750000e+03
4.828487792968750000e+03
4.829737792968750000e+03
4.830987792968750000e+03
4.832237792968750000e+03
4.833487792968750000e+03
4.834737792968750000e+03
4.835987792968750000e+03
4.837237792968750000e+03
4.838487792968750000e+03
4.839737792968750000e+03
4.840987792968750000e+03
4.842237792968750000e+03
4.843487792968750000e+03
4.844737792968750000e+03
4.845987792968750000e+03
4.847237792968750000e+03
4.848487792968750000e+03
4.849737792968750000e+03
4.850987792968750000e+03
4.852237792968750000e+03
4.853487792968750000e+03
4.854737792968750000e+03
4.855987792968750000e+03
4.857237792968750000e+03
4.858487792968750000e+03
4.859737792968750000e+03
4.860987792968750000e+03
4.862237792968750000e+03
4.863487792968750000e+03
4.864737792968750000e+03
4.865987792968750000e+03
4.867237792968750000e+03
4.868487792968750000e+03
4.869737792968750000e+03
4.870987792968750000e+03
4.872237792968750000e+03
4.873487792968750000e+03
4.874737792968750000e+03
4.875987792968750000e+03
4.877237792968750000e+03
4.878487792968750000e+03
4.879737792968750000e+03
4.880987792968750000e+03
4.882237792968750000e+03
4.883487792968750000e+03
4.884737792968750000e+03
4.885987792968750000e+03
4.887237792968750000e+03
4.888487792968750000e+03
4.889737792968750000e+03
4.890987792968750000e+03
4.892237792968750000e+03
4.893487792968750000e+03
4.894737792968750000e+03
4.895987792968750000e+03
4.897237792968750000e+03
4.898487792968750000e+03
4.899737792968750000e+03
4.900987792968750000e+03
4.902237792968750000e+03
4.903487792968750000e+03
4.904737792968750000e+03
4.905987792968750000e+03
4.907237792968750000e+03
4.908487792968750000e+03
4.909737792968750000e+03
4.910987792968750000e+03
4.912237792968750000e+03
4.913487792968750000e+03
4.914737792968750000e+03
4.915987792968750000e+03
4.917237792968750000e+03
4.918487792968750000e+03
4.919737792968750000e+03
4.920987792968750000e+03
4.922237792968750000e+03
4.923487792968750000e+03
4.924737792968750000e+03
4.925987792968750000e+03
4.927237792968750000e+03
4.928487792968750000e+03
4.929737792968750000e+03
4.930987792968750000e+03
4.932237792968750000e+03
4.933487792968750000e+03
4.934737792968750000e+03
4.935987792968750000e+03
4.937237792968750000e+03
4.938487792968750000e+03
4.939737792968750000e+03
4.940987792968750000e+03
4.942237792968750000e+03
4.943487792968750000e+03
4.944737792968750000e+03
4.945987792968750000e+03
4.947237792968750000e+03
4.948487792968750000e+03
4.949737792968750000e+03
4.950987792968750000e+03
4.952237792968750000e+03
4.953487792968750000e+03
4.954737792968750000e+03
4.955987792968750000e+03
4.957237792968750000e+03
4.958487792968750000e+03
4.959737792968750000e+03
4.960987792968750000e+03
4.962237792968750000e+03
4.963487792968750000e+03
4.964737792968750000e+03
4.965987792968750000e+03
4.967237792968750000e+03
4.968487792968750000e+03
4.969737792968750000e+03
4.970987792968750000e+03
4.972237792968750000e+03
4.973487792968750000e+03
4.974737792968750000e+03
4.975987792968750000e+03
4.977237792968750000e+03
4.978487792968750000e+03
4.979737792968750000e+03
4.980987792968750000e+03
4.982237792968750000e+03
4.983487792968750000e+03
4.984737792968750000e+03
4.985987792968750000e+03
4.987237792968750000e+03
4.988487792968750000e+03
4.989737792968750000e+03
4.990987792968750000e+03
4.992237792968750000e+03
4.993487792968750000e+03
4.994737792968750000e+03
4.995987792968750000e+03
4.997237792968750000e+03
4.998487792968750000e+03
4.999737792968750000e+03
5.000987792968750000e+03
5.002237792968750000e+03
5.003487792968750000e+03
5.004737792968750000e+03
5.005987792968750000e+03
5.007237792968750000e+03
5.008487792968750000e+03
5.009737792968750000e+03
5.010987792968750000e+03
5.012237792968750000e+03
5.013487792968750000e+03
5.014737792968750000e+03
5.015987792968750000e+03
5.017237792968750000e+03
5.018487792968750000e+03
5.019737792968750000e+03
5.020987792968750000e+03
5.022237792968750000e+03
5.023487792968750000e+03
5.024737792968750000e+03
5.025987792968750000e+03
5.027237792968750000e+03
5.028487792968750000e+03
5.029737792968750000e+03
5.030987792968750000e+03
5.032237792968750000e+03
5.033487792968750000e+03
5.034737792968750000e+03
5.035987792968750000e+03
5.037237792968750000e+03
5.038487792968750000e+03
5.039737792968750000e+03
5.040987792968750000e+03
5.042237792968750000e+03
5.043487792968750000e+03
5.044737792968750000e+03
5.045987792968750000e+03
5.047237792968750000e+03
5.048487792968750000e+03
5.049737792968750000e+03
5.050987792968750000e+03
5.052237792968750000e+03
5.053487792968750000e+03
5.054737792968750000e+03
5.055987792968750000e+03
5.057237792968750000e+03
5.058487792968750000e+03
5.059737792968750000e+03
5.060987792968750000e+03
5.062237792968750000e+03
5.063487792968750000e+03
5.064737792968750000e+03
5.065987792968750000e+03
5.067237792968750000e+03
5.068487792968750000e+03
5.069737792968750000e+03
5.070987792968750000e+03
5.072237792968750000e+03
5.073487792968750000e+03
5.074737792968750000e+03
5.075987792968750000e+03
5.077237792968750000e+03
5.078487792968750000e+03
5.079737792968750000e+03
5.080987792968750000e+03
5.082237792968750000e+03
5.083487792968750000e+03
5.084737792968750000e+03
5.085987792968750000e+03
5.087237792968750000e+03
5.088487792968750000e+03
5.089737792968750000e+03
5.090987792968750000e+03
5.092237792968750000e+03
5.093487792968750000e+03
5.094737792968750000e+03
5.095987792968750000e+03
5.097237792968750000e+03
5.098487792968750000e+03
5.099737792968750000e+03
5.100987792968750000e+03
5.102237792968750000e+03
5.103487792968750000e+03
5.104737792968750000e+03
5.105987792968750000e+03
5.107237792968750000e+03
5.108487792968750000e+03
5.109737792968750000e+03
5.110987792968750000e+03
5.112237792968750000e+03
5.113487792968750000e+03
5.114737792968750000e+03
5.115987792968750000e+03
5.117237792968750000e+03
5.118487792968750000e+03
5.119737792968750000e+03
5.120987792968750000e+03
5.122237792968750000e+03
5.123487792968750000e+03
5.124737792968750000e+03
5.125987792968750000e+03
5.127237792968750000e+03
5.128487792968750000e+03
5.129737792968750000e+03
5.130987792968750000e+03
5.132237792968750000e+03
5.133487792968750000e+03
5.134737792968750000e+03
5.135987792968750000e+03
5.137237792968750000e+03
5.138487792968750000e+03
5.139737792968750000e+03
5.140987792968750000e+03
5.142237792968750000e+03
5.143487792968750000e+03
5.144737792968750000e+03
5.145987792968750000e+03
5.147237792968750000e+03
5.148487792968750000e+03
5.149737792968750000e+03
5.150987792968750000e+03
5.152237792968750000e+03
5.153487792968750000e+03
5.154737792968750000e+03
5.155987792968750000e+03
5.157237792968750000e+03
5.158487792968750000e+03
5.159737792968750000e+03
5.160987792968750000e+03
5.162237792968750000e+03
5.163487792968750000e+03
5.164737792968750000e+03
5.165987792968750000e+03
5.167237792968750000e+03
5.168487792968750000e+03
5.169737792968750000e+03
5.170987792968750000e+03
5.172237792968750000e+03
5.173487792968750000e+03
5.174737792968750000e+03
5.175987792968750000e+03
5.177237792968750000e+03
5.178487792968750000e+03
5.179737792968750000e+03
5.180987792968750000e+03
5.182237792968750000e+03
5.183487792968750000e+03
5.184737792968750000e+03
5.185987792968750000e+03
5.187237792968750000e+03
5.188487792968750000e+03
5.189737792968750000e+03
5.190987792968750000e+03
5.192237792968750000e+03
5.193487792968750000e+03
5.194737792968750000e+03
5.195987792968750000e+03
5.197237792968750000e+03
5.198487792968750000e+03
5.199737792968750000e+03
5.200987792968750000e+03
5.202237792968750000e+03
5.203487792968750000e+03
5.204737792968750000e+03
5.205987792968750000e+03
5.207237792968750000e+03
5.208487792968750000e+03
5.209737792968750000e+03
5.210987792968750000e+03
5.212237792968750000e+03
5.213487792968750000e+03
5.214737792968750000e+03
5.215987792968750000e+03
5.217237792968750000e+03
5.218487792968750000e+03
5.219737792968750000e+03
5.220987792968750000e+03
5.222237792968750000e+03
5.223487792968750000e+03
5.224737792968750000e+03
5.225987792968750000e+03
5.227237792968750000e+03
5.228487792968750000e+03
5.229737792968750000e+03
5.230987792968750000e+03
5.232237792968750000e+03
5.233487792968750000e+03
5.234737792968750000e+03
5.235987792968750000e+03
5.237237792968750000e+03
5.238487792968750000e+03
5.239737792968750000e+03
5.240987792968750000e+03
5.242237792968750000e+03
5.243487792968750000e+03
5.244737792968750000e+03
5.245987792968750000e+03
5.247237792968750000e+03
5.248487792968750000e+03
5.249737792968750000e+03
5.250987792968750000e+03
5.252237792968750000e+03
5.253487792968750000e+03
5.254737792968750000e+03
5.255987792968750000e+03
5.257237792968750000e+03
5.258487792968750000e+03
5.259737792968750000e+03
5.260987792968750000e+03
5.262237792968750000e+03
5.263487792968750000e+03
5.264737792968750000e+03
5.265987792968750000e+03
5.267237792968750000e+03
5.268487792968750000e+03
5.269737792968750000e+03
5.270987792968750000e+03
5.272237792968750000e+03
5.273487792968750000e+03
5.274737792968750000e+03
5.275987792968750000e+03
5.277237792968750000e+03
5.278487792968750000e+03
5.279737792968750000e+03
5.280987792968750000e+03
5.282237792968750000e+03
5.283487792968750000e+03
5.284737792968750000e+03
5.285987792968750000e+03
5.287237792968750000e+03
5.288487792968750000e+03
5.289737792968750000e+03
5.290987792968750000e+03
5.292237792968750000e+03
5.293487792968750000e+03
5.294737792968750000e+03
5.295987792968750000e+03
5.297237792968750000e+03
5.298487792968750000e+03
5.299737792968750000e+03
5.300987792968750000e+03
5.302237792968750000e+03
5.303487792968750000e+03
5.304737792968750000e+03
5.305987792968750000e+03
5.307237792968750000e+03
5.308487792968750000e+03
5.309737792968750000e+03
5.310987792968750000e+03
5.312237792968750000e+03
5.313487792968750000e+03
5.314737792968750000e+03
5.315987792968750000e+03
5.317237792968750000e+03
5.318487792968750000e+03
5.319737792968750000e+03
5.320987792968750000e+03
5.322237792968750000e+03
5.323487792968750000e+03
5.324737792968750000e+03
5.325987792968750000e+03
5.327237792968750000e+03
5.328487792968750000e+03
5.329737792968750000e+03
5.330987792968750000e+03
5.332237792968750000e+03
5.333487792968750000e+03
5.334737792968750000e+03
5.335987792968750000e+03
5.337237792968750000e+03
5.338487792968750000e+03
5.339737792968750000e+03
5.340987792968750000e+03
5.342237792968750000e+03
5.343487792968750000e+03
5.344737792968750000e+03
5.345987792968750000e+03
5.347237792968750000e+03
5.348487792968750000e+03
5.349737792968750000e+03
5.350987792968750000e+03
5.352237792968750000e+03
5.353487792968750000e+03
5.354737792968750000e+03
5.355987792968750000e+03
5.357237792968750000e+03
5.358487792968750000e+03
5.359737792968750000e+03
5.360987792968750000e+03
5.362237792968750000e+03
5.363487792968750000e+03
5.364737792968750000e+03
5.365987792968750000e+03
5.367237792968750000e+03
5.368487792968750000e+03
5.369737792968750000e+03
5.370987792968750000e+03
5.372237792968750000e+03
5.373487792968750000e+03
5.374737792968750000e+03
5.375987792968750000e+03
5.377237792968750000e+03
5.378487792968750000e+03
5.379737792968750000e+03
5.380987792968750000e+03
5.382237792968750000e+03
5.383487792968750000e+03
5.384737792968750000e+03
5.385987792968750000e+03
5.387237792968750000e+03
5.388487792968750000e+03
5.389737792968750000e+03
5.390987792968750000e+03
5.392237792968750000e+03
5.393487792968750000e+03
5.394737792968750000e+03
5.395987792968750000e+03
5.397237792968750000e+03
5.398487792968750000e+03
5.399737792968750000e+03
5.400987792968750000e+03
5.402237792968750000e+03
5.403487792968750000e+03
5.404737792968750000e+03
5.405987792968750000e+03
5.407237792968750000e+03
5.408487792968750000e+03
5.409737792968750000e+03
5.410987792968750000e+03
5.412237792968750000e+03
5.413487792968750000e+03
5.414737792968750000e+03
5.415987792968750000e+03
5.417237792968750000e+03
5.418487792968750000e+03
5.419737792968750000e+03
5.420987792968750000e+03
5.422237792968750000e+03
5.423487792968750000e+03
5.424737792968750000e+03
5.425987792968750000e+03
5.427237792968750000e+03
5.428487792968750000e+03
5.429737792968750000e+03
5.430987792968750000e+03
5.432237792968750000e+03
5.433487792968750000e+03
5.434737792968750000e+03
5.435987792968750000e+03
5.437237792968750000e+03
5.438487792968750000e+03
5.439737792968750000e+03
5.440987792968750000e+03
5.442237792968750000e+03
5.443487792968750000e+03
5.444737792968750000e+03
5.445987792968750000e+03
5.447237792968750000e+03
5.448487792968750000e+03
5.449737792968750000e+03
5.450987792968750000e+03
5.452237792968750000e+03
5.453487792968750000e+03
5.454737792968750000e+03
5.455987792968750000e+03
5.457237792968750000e+03
5.458487792968750000e+03
5.459737792968750000e+03
5.460987792968750000e+03
5.462237792968750000e+03
5.463487792968750000e+03
5.464737792968750000e+03
5.465987792968750000e+03
5.467237792968750000e+03
5.468487792968750000e+03
5.469737792968750000e+03
5.470987792968750000e+03
5.472237792968750000e+03
5.473487792968750000e+03
5.474737792968750000e+03
5.475987792968750000e+03
5.477237792968750000e+03
5.478487792968750000e+03
5.479737792968750000e+03
5.480987792968750000e+03
5.482237792968750000e+03
5.483487792968750000e+03
5.484737792968750000e+03
5.485987792968750000e+03
5.487237792968750000e+03
5.488487792968750000e+03
5.489737792968750000e+03
5.490987792968750000e+03
5.492237792968750000e+03
5.493487792968750000e+03
5.494737792968750000e+03
5.495987792968750000e+03
5.497237792968750000e+03
5.498487792968750000e+03
5.499737792968750000e+03
5.500987792968750000e+03
5.502237792968750000e+03
5.503487792968750000e+03
5.504737792968750000e+03
5.505987792968750000e+03
5.507237792968750000e+03
5.508487792968750000e+03
5.509737792968750000e+03
5.510987792968750000e+03
5.512237792968750000e+03
5.513487792968750000e+03
5.514737792968750000e+03
5.515987792968750000e+03
5.517237792968750000e+03
5.518487792968750000e+03
5.519737792968750000e+03
5.520987792968750000e+03
5.522237792968750000e+03
5.523487792968750000e+03
5.524737792968750000e+03
5.525987792968750000e+03
5.527237792968750000e+03
5.528487792968750000e+03
5.529737792968750000e+03
5.530987792968750000e+03
5.532237792968750000e+03
5.533487792968750000e+03
5.534737792968750000e+03
5.535987792968750000e+03
5.537237792968750000e+03
5.538487792968750000e+03
5.539737792968750000e+03
5.540987792968750000e+03
5.542237792968750000e+03
5.543487792968750000e+03
5.544737792968750000e+03
5.545987792968750000e+03
5.547237792968750000e+03
5.548487792968750000e+03
5.549737792968750000e+03
5.550987792968750000e+03
5.552237792968750000e+03
5.553487792968750000e+03
5.554737792968750000e+03
5.555987792968750000e+03
5.557237792968750000e+03
5.558487792968750000e+03
5.559737792968750000e+03
5.560987792968750000e+03
5.562237792968750000e+03
5.563487792968750000e+03
5.564737792968750000e+03
5.565987792968750000e+03
5.567237792968750000e+03
5.568487792968750000e+03
5.569737792968750000e+03
5.570987792968750000e+03
5.572237792968750000e+03
5.573487792968750000e+03
5.574737792968750000e+03
5.575987792968750000e+03
5.577237792968750000e+03
5.578487792968750000e+03
5.579737792968750000e+03
5.580987792968750000e+03
5.582237792968750000e+03
5.583487792968750000e+03
5.584737792968750000e+03
5.585987792968750000e+03
5.587237792968750000e+03
5.588487792968750000e+03
5.589737792968750000e+03
5.590987792968750000e+03
5.592237792968750000e+03
5.593487792968750000e+03
5.594737792968750000e+03
5.595987792968750000e+03
5.597237792968750000e+03
5.598487792968750000e+03
5.599737792968750000e+03
5.600987792968750000e+03
5.602237792968750000e+03
5.603487792968750000e+03
5.604737792968750000e+03
5.605987792968750000e+03
5.607237792968750000e+03
5.608487792968750000e+03
5.609737792968750000e+03
5.610987792968750000e+03
5.612237792968750000e+03
5.613487792968750000e+03
5.614737792968750000e+03
5.615987792968750000e+03
5.617237792968750000e+03
5.618487792968750000e+03
5.619737792968750000e+03
5.620987792968750000e+03
5.622237792968750000e+03
5.623487792968750000e+03
5.624737792968750000e+03
5.625987792968750000e+03
5.627237792968750000e+03
5.628487792968750000e+03
5.629737792968750000e+03
5.630987792968750000e+03
5.632237792968750000e+03
5.633487792968750000e+03
5.634737792968750000e+03
5.635987792968750000e+03
5.637237792968750000e+03
5.638487792968750000e+03
5.639737792968750000e+03
5.640987792968750000e+03
5.642237792968750000e+03
5.643487792968750000e+03
5.644737792968750000e+03
5.645987792968750000e+03
5.647237792968750000e+03
5.648487792968750000e+03
5.649737792968750000e+03
5.650987792968750000e+03
5.652237792968750000e+03
5.653487792968750000e+03
5.654737792968750000e+03
5.655987792968750000e+03
5.657237792968750000e+03
5.658487792968750000e+03
5.659737792968750000e+03
5.660987792968750000e+03
5.662237792968750000e+03
5.663487792968750000e+03
5.664737792968750000e+03
5.665987792968750000e+03
5.667237792968750000e+03
5.668487792968750000e+03
5.669737792968750000e+03
5.670987792968750000e+03
5.672237792968750000e+03
5.673487792968750000e+03
5.674737792968750000e+03
5.675987792968750000e+03
5.677237792968750000e+03
5.678487792968750000e+03
5.679737792968750000e+03
5.680987792968750000e+03
5.682237792968750000e+03
5.683487792968750000e+03
5.684737792968750000e+03
5.685987792968750000e+03
5.687237792968750000e+03
5.688487792968750000e+03
5.689737792968750000e+03
5.690987792968750000e+03
5.692237792968750000e+03
5.693487792968750000e+03
5.694737792968750000e+03
5.695987792968750000e+03
5.697237792968750000e+03
5.698487792968750000e+03
5.699737792968750000e+03
5.700987792968750000e+03
5.702237792968750000e+03
5.703487792968750000e+03
5.704737792968750000e+03
5.705987792968750000e+03
5.707237792968750000e+03
5.708487792968750000e+03
5.709737792968750000e+03
5.710987792968750000e+03
5.712237792968750000e+03
5.713487792968750000e+03
5.714737792968750000e+03
5.715987792968750000e+03
5.717237792968750000e+03
5.718487792968750000e+03
5.719737792968750000e+03
5.720987792968750000e+03
5.722237792968750000e+03
5.723487792968750000e+03
5.724737792968750000e+03
5.725987792968750000e+03
5.727237792968750000e+03
5.728487792968750000e+03
5.729737792968750000e+03
5.730987792968750000e+03
5.732237792968750000e+03
5.733487792968750000e+03
5.734737792968750000e+03
5.735987792968750000e+03
5.737237792968750000e+03
5.738487792968750000e+03
5.739737792968750000e+03
5.740987792968750000e+03
5.742237792968750000e+03
5.743487792968750000e+03
5.744737792968750000e+03
5.745987792968750000e+03
5.747237792968750000e+03
5.748487792968750000e+03
5.749737792968750000e+03
5.750987792968750000e+03
5.752237792968750000e+03
5.753487792968750000e+03
5.754737792968750000e+03
5.755987792968750000e+03
5.757237792968750000e+03
5.758487792968750000e+03
5.759737792968750000e+03
5.760987792968750000e+03
5.762237792968750000e+03
5.763487792968750000e+03
5.764737792968750000e+03
5.765987792968750000e+03
5.767237792968750000e+03
5.768487792968750000e+03
5.769737792968750000e+03
5.770987792968750000e+03
5.772237792968750000e+03
5.773487792968750000e+03
5.774737792968750000e+03
5.775987792968750000e+03
5.777237792968750000e+03
5.778487792968750000e+03
5.779737792968750000e+03
5.780987792968750000e+03
5.782237792968750000e+03
5.783487792968750000e+03
5.784737792968750000e+03
5.785987792968750000e+03
5.787237792968750000e+03
5.788487792968750000e+03
5.789737792968750000e+03
5.790987792968750000e+03
5.792237792968750000e+03
5.793487792968750000e+03
5.794737792968750000e+03
5.795987792968750000e+03
5.797237792968750000e+03
5.798487792968750000e+03
5.799737792968750000e+03
5.800987792968750000e+03
5.802237792968750000e+03
5.803487792968750000e+03
5.804737792968750000e+03
5.805987792968750000e+03
5.807237792968750000e+03
5.808487792968750000e+03
5.809737792968750000e+03
5.810987792968750000e+03
5.812237792968750000e+03
5.813487792968750000e+03
5.814737792968750000e+03
5.815987792968750000e+03
5.817237792968750000e+03
5.818487792968750000e+03
5.819737792968750000e+03
5.820987792968750000e+03
5.822237792968750000e+03
5.823487792968750000e+03
5.824737792968750000e+03
5.825987792968750000e+03
5.827237792968750000e+03
5.828487792968750000e+03
5.829737792968750000e+03
5.830987792968750000e+03
5.832237792968750000e+03
5.833487792968750000e+03
5.834737792968750000e+03
5.835987792968750000e+03
5.837237792968750000e+03
5.838487792968750000e+03
5.839737792968750000e+03
5.840987792968750000e+03
5.842237792968750000e+03
5.843487792968750000e+03
5.844737792968750000e+03
5.845987792968750000e+03
5.847237792968750000e+03
5.848487792968750000e+03
5.849737792968750000e+03
5.850987792968750000e+03
5.852237792968750000e+03
5.853487792968750000e+03
5.854737792968750000e+03
5.855987792968750000e+03
5.857237792968750000e+03
5.858487792968750000e+03
5.859737792968750000e+03
5.860987792968750000e+03
5.862237792968750000e+03
5.863487792968750000e+03
5.864737792968750000e+03
5.865987792968750000e+03
5.867237792968750000e+03
5.868487792968750000e+03
5.869737792968750000e+03
5.870987792968750000e+03
5.872237792968750000e+03
5.873487792968750000e+03
5.874737792968750000e+03
5.875987792968750000e+03
5.877237792968750000e+03
5.878487792968750000e+03
5.879737792968750000e+03
5.880987792968750000e+03
5.882237792968750000e+03
5.883487792968750000e+03
5.884737792968750000e+03
5.885987792968750000e+03
5.887237792968750000e+03
5.888487792968750000e+03
5.889737792968750000e+03
5.890987792968750000e+03
5.892237792968750000e+03
5.893487792968750000e+03
5.894737792968750000e+03
5.895987792968750000e+03
5.897237792968750000e+03
5.898487792968750000e+03
5.899737792968750000e+03
5.900987792968750000e+03
5.902237792968750000e+03
5.903487792968750000e+03
5.904737792968750000e+03
5.905987792968750000e+03
5.907237792968750000e+03
5.908487792968750000e+03
5.909737792968750000e+03
5.910987792968750000e+03
5.912237792968750000e+03
5.913487792968750000e+03
5.914737792968750000e+03
5.915987792968750000e+03
5.917237792968750000e+03
5.918487792968750000e+03
5.919737792968750000e+03
5.920987792968750000e+03
5.922237792968750000e+03
5.923487792968750000e+03
5.924737792968750000e+03
5.925987792968750000e+03
5.927237792968750000e+03
5.928487792968750000e+03
5.929737792968750000e+03
5.930987792968750000e+03
5.932237792968750000e+03
5.933487792968750000e+03
5.934737792968750000e+03
5.935987792968750000e+03
5.937237792968750000e+03
5.938487792968750000e+03
5.939737792968750000e+03
5.940987792968750000e+03
5.942237792968750000e+03
5.943487792968750000e+03
5.944737792968750000e+03
5.945987792968750000e+03
5.947237792968750000e+03
5.948487792968750000e+03
5.949737792968750000e+03
5.950987792968750000e+03
5.952237792968750000e+03
5.953487792968750000e+03
5.954737792968750000e+03
5.955987792968750000e+03
5.957237792968750000e+03
5.958487792968750000e+03
5.959737792968750000e+03
5.960987792968750000e+03
5.962237792968750000e+03
5.963487792968750000e+03
5.964737792968750000e+03
5.965987792968750000e+03
5.967237792968750000e+03
5.968487792968750000e+03
5.969737792968750000e+03
5.970987792968750000e+03
5.972237792968750000e+03
5.973487792968750000e+03
5.974737792968750000e+03
5.975987792968750000e+03
5.977237792968750000e+03
5.978487792968750000e+03
5.979737792968750000e+03
5.980987792968750000e+03
5.982237792968750000e+03
5.983487792968750000e+03
5.984737792968750000e+03
5.985987792968750000e+03
5.987237792968750000e+03
5.988487792968750000e+03
5.989737792968750000e+03
5.990987792968750000e+03
5.992237792968750000e+03
5.993487792968750000e+03
5.994737792968750000e+03
5.995987792968750000e+03
5.997237792968750000e+03
5.998487792968750000e+03
5.999737792968750000e+03
6.000987792968750000e+03
6.002237792968750000e+03
6.003487792968750000e+03
6.004737792968750000e+03
6.005987792968750000e+03
6.007237792968750000e+03
6.008487792968750000e+03
6.009737792968750000e+03
6.010987792968750000e+03
6.012237792968750000e+03
6.013487792968750000e+03
6.014737792968750000e+03
6.015987792968750000e+03
6.017237792968750000e+03
6.018487792968750000e+03
6.019737792968750000e+03
6.020987792968750000e+03
6.022237792968750000e+03
6.023487792968750000e+03
6.024737792968750000e+03
6.025987792968750000e+03
6.027237792968750000e+03
6.028487792968750000e+03
6.029737792968750000e+03
6.030987792968750000e+03
6.032237792968750000e+03
6.033487792968750000e+03
6.034737792968750000e+03
6.035987792968750000e+03
6.037237792968750000e+03
6.038487792968750000e+03
6.039737792968750000e+03
6.040987792968750000e+03
6.042237792968750000e+03
6.043487792968750000e+03
6.044737792968750000e+03
6.045987792968750000e+03
6.047237792968750000e+03
6.048487792968750000e+03
6.049737792968750000e+03
6.050987792968750000e+03
6.052237792968750000e+03
6.053487792968750000e+03
6.054737792968750000e+03
6.055987792968750000e+03
6.057237792968750000e+03
6.058487792968750000e+03
6.059737792968750000e+03
6.060987792968750000e+03
6.062237792968750000e+03
6.063487792968750000e+03
6.064737792968750000e+03
6.065987792968750000e+03
6.067237792968750000e+03
6.068487792968750000e+03
6.069737792968750000e+03
6.070987792968750000e+03
6.072237792968750000e+03
6.073487792968750000e+03
6.074737792968750000e+03
6.075987792968750000e+03
6.077237792968750000e+03
6.078487792968750000e+03
6.079737792968750000e+03
6.080987792968750000e+03
6.082237792968750000e+03
6.083487792968750000e+03
6.084737792968750000e+03
6.085987792968750000e+03
6.087237792968750000e+03
6.088487792968750000e+03
6.089737792968750000e+03
6.090987792968750000e+03
6.092237792968750000e+03
6.093487792968750000e+03
6.094737792968750000e+03
6.095987792968750000e+03
6.097237792968750000e+03
6.098487792968750000e+03
6.099737792968750000e+03
6.100987792968750000e+03
6.102237792968750000e+03
6.103487792968750000e+03
6.104737792968750000e+03
6.105987792968750000e+03
6.107237792968750000e+03
6.108487792968750000e+03
6.109737792968750000e+03
6.110987792968750000e+03
6.112237792968750000e+03
6.113487792968750000e+03
6.114737792968750000e+03
6.115987792968750000e+03
6.117237792968750000e+03
6.118487792968750000e+03
6.119737792968750000e+03
6.120987792968750000e+03
6.122237792968750000e+03
6.123487792968750000e+03
6.124737792968750000e+03
6.125987792968750000e+03
6.127237792968750000e+03
6.128487792968750000e+03
6.129737792968750000e+03
6.130987792968750000e+03
6.132237792968750000e+03
6.133487792968750000e+03
6.134737792968750000e+03
6.135987792968750000e+03
6.137237792968750000e+03
6.138487792968750000e+03
6.139737792968750000e+03
6.140987792968750000e+03
6.142237792968750000e+03
6.143487792968750000e+03
6.144737792968750000e+03
6.145987792968750000e+03
6.147237792968750000e+03
6.148487792968750000e+03
6.149737792968750000e+03
6.150987792968750000e+03
6.152237792968750000e+03
6.153487792968750000e+03
6.154737792968750000e+03
6.155987792968750000e+03
6.157237792968750000e+03
6.158487792968750000e+03
6.159737792968750000e+03
6.160987792968750000e+03
6.162237792968750000e+03
6.163487792968750000e+03
6.164737792968750000e+03
6.165987792968750000e+03
6.167237792968750000e+03
6.168487792968750000e+03
6.169737792968750000e+03
6.170987792968750000e+03
6.172237792968750000e+03
6.173487792968750000e+03
6.174737792968750000e+03
6.175987792968750000e+03
6.177237792968750000e+03
6.178487792968750000e+03
6.179737792968750000e+03
6.180987792968750000e+03
6.182237792968750000e+03
6.183487792968750000e+03
6.184737792968750000e+03
6.185987792968750000e+03
6.187237792968750000e+03
6.188487792968750000e+03
6.189737792968750000e+03
6.190987792968750000e+03
6.192237792968750000e+03
6.193487792968750000e+03
6.194737792968750000e+03
6.195987792968750000e+03
6.197237792968750000e+03
6.198487792968750000e+03
6.199737792968750000e+03
6.200987792968750000e+03
6.202237792968750000e+03
6.203487792968750000e+03
6.204737792968750000e+03
6.205987792968750000e+03
6.207237792968750000e+03
6.208487792968750000e+03
6.209737792968750000e+03
6.210987792968750000e+03
6.212237792968750000e+03
6.213487792968750000e+03
6.214737792968750000e+03
6.215987792968750000e+03
6.217237792968750000e+03
6.218487792968750000e+03
6.219737792968750000e+03
6.220987792968750000e+03
6.222237792968750000e+03
6.223487792968750000e+03
6.224737792968750000e+03
6.225987792968750000e+03
6.227237792968750000e+03
6.228487792968750000e+03
6.229737792968750000e+03
6.230987792968750000e+03
6.232237792968750000e+03
6.233487792968750000e+03
6.234737792968750000e+03
6.235987792968750000e+03
6.237237792968750000e+03
6.238487792968750000e+03
6.239737792968750000e+03
6.240987792968750000e+03
6.242237792968750000e+03
6.243487792968750000e+03
6.244737792968750000e+03
6.245987792968750000e+03
6.247237792968750000e+03
6.248487792968750000e+03
6.249737792968750000e+03
6.250987792968750000e+03
6.252237792968750000e+03
6.253487792968750000e+03
6.254737792968750000e+03
6.255987792968750000e+03
6.257237792968750000e+03
6.258487792968750000e+03
6.259737792968750000e+03
6.260987792968750000e+03
6.262237792968750000e+03
6.263487792968750000e+03
6.264737792968750000e+03
6.265987792968750000e+03
6.267237792968750000e+03
6.268487792968750000e+03
6.269737792968750000e+03
6.270987792968750000e+03
6.272237792968750000e+03
6.273487792968750000e+03
6.274737792968750000e+03
6.275987792968750000e+03
6.277237792968750000e+03
6.278487792968750000e+03
6.279737792968750000e+03
6.280987792968750000e+03
6.282237792968750000e+03
6.283487792968750000e+03
6.284737792968750000e+03
6.285987792968750000e+03
6.287237792968750000e+03
6.288487792968750000e+03
6.289737792968750000e+03
6.290987792968750000e+03
6.292237792968750000e+03
6.293487792968750000e+03
6.294737792968750000e+03
6.295987792968750000e+03
6.297237792968750000e+03
6.298487792968750000e+03
6.299737792968750000e+03
6.300987792968750000e+03
6.302237792968750000e+03
6.303487792968750000e+03
6.304737792968750000e+03
6.305987792968750000e+03
6.307237792968750000e+03
6.308487792968750000e+03
6.309737792968750000e+03
6.310987792968750000e+03
6.312237792968750000e+03
6.313487792968750000e+03
6.314737792968750000e+03
6.315987792968750000e+03
6.317237792968750000e+03
6.318487792968750000e+03
6.319737792968750000e+03
6.320987792968750000e+03
6.322237792968750000e+03
6.323487792968750000e+03
6.324737792968750000e+03
6.325987792968750000e+03
6.327237792968750000e+03
6.328487792968750000e+03
6.329737792968750000e+03
6.330987792968750000e+03
6.332237792968750000e+03
6.333487792968750000e+03
6.334737792968750000e+03
6.335987792968750000e+03
6.337237792968750000e+03
6.338487792968750000e+03
6.339737792968750000e+03
6.340987792968750000e+03
6.342237792968750000e+03
6.343487792968750000e+03
6.344737792968750000e+03
6.345987792968750000e+03
6.347237792968750000e+03
6.348487792968750000e+03
6.349737792968750000e+03
6.350987792968750000e+03
6.352237792968750000e+03
6.353487792968750000e+03
6.354737792968750000e+03
6.355987792968750000e+03
6.357237792968750000e+03
6.358487792968750000e+03
6.359737792968750000e+03
6.360987792968750000e+03
6.362237792968750000e+03
6.363487792968750000e+03
6.364737792968750000e+03
6.365987792968750000e+03
6.367237792968750000e+03
6.368487792968750000e+03
6.369737792968750000e+03
6.370987792968750000e+03
6.372237792968750000e+03
6.373487792968750000e+03
6.374737792968750000e+03
6.375987792968750000e+03
6.377237792968750000e+03
6.378487792968750000e+03
6.379737792968750000e+03
6.380987792968750000e+03
6.382237792968750000e+03
6.383487792968750000e+03
6.384737792968750000e+03
6.385987792968750000e+03
6.387237792968750000e+03
6.388487792968750000e+03
6.389737792968750000e+03
6.390987792968750000e+03
6.392237792968750000e+03
6.393487792968750000e+03
6.394737792968750000e+03
6.395987792968750000e+03
6.397237792968750000e+03
6.398487792968750000e+03
6.399737792968750000e+03
6.400987792968750000e+03
6.402237792968750000e+03
6.403487792968750000e+03
6.404737792968750000e+03
6.405987792968750000e+03
6.407237792968750000e+03
6.408487792968750000e+03
6.409737792968750000e+03
6.410987792968750000e+03
6.412237792968750000e+03
6.413487792968750000e+03
6.414737792968750000e+03
6.415987792968750000e+03
6.417237792968750000e+03
6.418487792968750000e+03
6.419737792968750000e+03
6.420987792968750000e+03
6.422237792968750000e+03
6.423487792968750000e+03
6.424737792968750000e+03
6.425987792968750000e+03
6.427237792968750000e+03
6.428487792968750000e+03
6.429737792968750000e+03
6.430987792968750000e+03
6.432237792968750000e+03
6.433487792968750000e+03
6.434737792968750000e+03
6.435987792968750000e+03
6.437237792968750000e+03
6.438487792968750000e+03
6.439737792968750000e+03
6.440987792968750000e+03
6.442237792968750000e+03
6.443487792968750000e+03
6.444737792968750000e+03
6.445987792968750000e+03
6.447237792968750000e+03
6.448487792968750000e+03
6.449737792968750000e+03
6.450987792968750000e+03
6.452237792968750000e+03
6.453487792968750000e+03
6.454737792968750000e+03
6.455987792968750000e+03
6.457237792968750000e+03
6.458487792968750000e+03
6.459737792968750000e+03
6.460987792968750000e+03
6.462237792968750000e+03
6.463487792968750000e+03
6.464737792968750000e+03
6.465987792968750000e+03
6.467237792968750000e+03
6.468487792968750000e+03
6.469737792968750000e+03
6.470987792968750000e+03
6.472237792968750000e+03
6.473487792968750000e+03
6.474737792968750000e+03
6.475987792968750000e+03
6.477237792968750000e+03
6.478487792968750000e+03
6.479737792968750000e+03
6.480987792968750000e+03
6.482237792968750000e+03
6.483487792968750000e+03
6.484737792968750000e+03
6.485987792968750000e+03
6.487237792968750000e+03
6.488487792968750000e+03
6.489737792968750000e+03
6.490987792968750000e+03
6.492237792968750000e+03
6.493487792968750000e+03
6.494737792968750000e+03
6.495987792968750000e+03
6.497237792968750000e+03
6.498487792968750000e+03
6.499737792968750000e+03
6.500987792968750000e+03
6.502237792968750000e+03
6.503487792968750000e+03
6.504737792968750000e+03
6.505987792968750000e+03
6.507237792968750000e+03
6.508487792968750000e+03
6.509737792968750000e+03
6.510987792968750000e+03
6.512237792968750000e+03
6.513487792968750000e+03
6.514737792968750000e+03
6.515987792968750000e+03
6.517237792968750000e+03
6.518487792968750000e+03
6.519737792968750000e+03
6.520987792968750000e+03
6.522237792968750000e+03
6.523487792968750000e+03
6.524737792968750000e+03
6.525987792968750000e+03
6.527237792968750000e+03
6.528487792968750000e+03
6.529737792968750000e+03
6.530987792968750000e+03
6.532237792968750000e+03
6.533487792968750000e+03
6.534737792968750000e+03
6.535987792968750000e+03
6.537237792968750000e+03
6.538487792968750000e+03
6.539737792968750000e+03
6.540987792968750000e+03
6.542237792968750000e+03
6.543487792968750000e+03
6.544737792968750000e+03
6.545987792968750000e+03
6.547237792968750000e+03
6.548487792968750000e+03
6.549737792968750000e+03
6.550987792968750000e+03
6.552237792968750000e+03
6.553487792968750000e+03
6.554737792968750000e+03
6.555987792968750000e+03
6.557237792968750000e+03
6.558487792968750000e+03
6.559737792968750000e+03
6.560987792968750000e+03
6.562237792968750000e+03
6.563487792968750000e+03
6.564737792968750000e+03
6.565987792968750000e+03
6.567237792968750000e+03
6.568487792968750000e+03
6.569737792968750000e+03
6.570987792968750000e+03
6.572237792968750000e+03
6.573487792968750000e+03
6.574737792968750000e+03
6.575987792968750000e+03
6.577237792968750000e+03
6.578487792968750000e+03
6.579737792968750000e+03
6.580987792968750000e+03
6.582237792968750000e+03
6.583487792968750000e+03
6.584737792968750000e+03
6.585987792968750000e+03
6.587237792968750000e+03
6.588487792968750000e+03
6.589737792968750000e+03
6.590987792968750000e+03
6.592237792968750000e+03
6.593487792968750000e+03
6.594737792968750000e+03
6.595987792968750000e+03
6.597237792968750000e+03
6.598487792968750000e+03
6.599737792968750000e+03
6.600987792968750000e+03
6.602237792968750000e+03
6.603487792968750000e+03
6.604737792968750000e+03
6.605987792968750000e+03
6.607237792968750000e+03
6.608487792968750000e+03
6.609737792968750000e+03
6.610987792968750000e+03
6.612237792968750000e+03
6.613487792968750000e+03
6.614737792968750000e+03
6.615987792968750000e+03
6.617237792968750000e+03
6.618487792968750000e+03
6.619737792968750000e+03
6.620987792968750000e+03
6.622237792968750000e+03
6.623487792968750000e+03
6.624737792968750000e+03
6.625987792968750000e+03
6.627237792968750000e+03
6.628487792968750000e+03
6.629737792968750000e+03
6.630987792968750000e+03
6.632237792968750000e+03
6.633487792968750000e+03
6.634737792968750000e+03
6.635987792968750000e+03
6.637237792968750000e+03
6.638487792968750000e+03
6.639737792968750000e+03
6.640987792968750000e+03
6.642237792968750000e+03
6.643487792968750000e+03
6.644737792968750000e+03
6.645987792968750000e+03
6.647237792968750000e+03
6.648487792968750000e+03
6.649737792968750000e+03
6.650987792968750000e+03
6.652237792968750000e+03
6.653487792968750000e+03
6.654737792968750000e+03
6.655987792968750000e+03
6.657237792968750000e+03
6.658487792968750000e+03
6.659737792968750000e+03
6.660987792968750000e+03
6.662237792968750000e+03
6.663487792968750000e+03
6.664737792968750000e+03
6.665987792968750000e+03
6.667237792968750000e+03
6.668487792968750000e+03
6.669737792968750000e+03
6.670987792968750000e+03
6.672237792968750000e+03
6.673487792968750000e+03
6.674737792968750000e+03
6.675987792968750000e+03
6.677237792968750000e+03
6.678487792968750000e+03
6.679737792968750000e+03
6.680987792968750000e+03
6.682237792968750000e+03
6.683487792968750000e+03
6.684737792968750000e+03
6.685987792968750000e+03
6.687237792968750000e+03
6.688487792968750000e+03
6.689737792968750000e+03
6.690987792968750000e+03
6.692237792968750000e+03
6.693487792968750000e+03
6.694737792968750000e+03
6.695987792968750000e+03
6.697237792968750000e+03
6.698487792968750000e+03
6.699737792968750000e+03
6.700987792968750000e+03
6.702237792968750000e+03
6.703487792968750000e+03
6.704737792968750000e+03
6.705987792968750000e+03
6.707237792968750000e+03
6.708487792968750000e+03
6.709737792968750000e+03
6.710987792968750000e+03
6.712237792968750000e+03
6.713487792968750000e+03
6.714737792968750000e+03
6.715987792968750000e+03
6.717237792968750000e+03
6.718487792968750000e+03
6.719737792968750000e+03
6.720987792968750000e+03
6.722237792968750000e+03
6.723487792968750000e+03
6.724737792968750000e+03
6.725987792968750000e+03
6.727237792968750000e+03
6.728487792968750000e+03
6.729737792968750000e+03
6.730987792968750000e+03
6.732237792968750000e+03
6.733487792968750000e+03
6.734737792968750000e+03
6.735987792968750000e+03
6.737237792968750000e+03
6.738487792968750000e+03
6.739737792968750000e+03
6.740987792968750000e+03
6.742237792968750000e+03
6.743487792968750000e+03
6.744737792968750000e+03
6.745987792968750000e+03
6.747237792968750000e+03
6.748487792968750000e+03
6.749737792968750000e+03
6.750987792968750000e+03
6.752237792968750000e+03
6.753487792968750000e+03
6.754737792968750000e+03
6.755987792968750000e+03
6.757237792968750000e+03
6.758487792968750000e+03
6.759737792968750000e+03
6.760987792968750000e+03
6.762237792968750000e+03
6.763487792968750000e+03
6.764737792968750000e+03
6.765987792968750000e+03
6.767237792968750000e+03
6.768487792968750000e+03
6.769737792968750000e+03
6.770987792968750000e+03
6.772237792968750000e+03
6.773487792968750000e+03
6.774737792968750000e+03
6.775987792968750000e+03
6.777237792968750000e+03
6.778487792968750000e+03
6.779737792968750000e+03
6.780987792968750000e+03
6.782237792968750000e+03
6.783487792968750000e+03
6.784737792968750000e+03
6.785987792968750000e+03
6.787237792968750000e+03
6.788487792968750000e+03
6.789737792968750000e+03
6.790987792968750000e+03
6.792237792968750000e+03
6.793487792968750000e+03
6.794737792968750000e+03
6.795987792968750000e+03
6.797237792968750000e+03
6.798487792968750000e+03
6.799737792968750000e+03
6.800987792968750000e+03
6.802237792968750000e+03
6.803487792968750000e+03
6.804737792968750000e+03
6.805987792968750000e+03
6.807237792968750000e+03
6.808487792968750000e+03
6.809737792968750000e+03
6.810987792968750000e+03
6.812237792968750000e+03
6.813487792968750000e+03
6.814737792968750000e+03
6.815987792968750000e+03
6.817237792968750000e+03
6.818487792968750000e+03
6.819737792968750000e+03
6.820987792968750000e+03
6.822237792968750000e+03
6.823487792968750000e+03
6.824737792968750000e+03
6.825987792968750000e+03
6.827237792968750000e+03
6.828487792968750000e+03
6.829737792968750000e+03
6.830987792968750000e+03
6.832237792968750000e+03
6.833487792968750000e+03
6.834737792968750000e+03
6.835987792968750000e+03
6.837237792968750000e+03
6.838487792968750000e+03
6.839737792968750000e+03
6.840987792968750000e+03
6.842237792968750000e+03
6.843487792968750000e+03
6.844737792968750000e+03
6.845987792968750000e+03
6.847237792968750000e+03
6.848487792968750000e+03
6.849737792968750000e+03
6.850987792968750000e+03
6.852237792968750000e+03
6.853487792968750000e+03
6.854737792968750000e+03
6.855987792968750000e+03
6.857237792968750000e+03
6.858487792968750000e+03
6.859737792968750000e+03
6.860987792968750000e+03
6.862237792968750000e+03
6.863487792968750000e+03
6.864737792968750000e+03
6.865987792968750000e+03
6.867237792968750000e+03
6.868487792968750000e+03
6.869737792968750000e+03
6.870987792968750000e+03
6.872237792968750000e+03
6.873487792968750000e+03
6.874737792968750000e+03
6.875987792968750000e+03
6.877237792968750000e+03
6.878487792968750000e+03
6.879737792968750000e+03
6.880987792968750000e+03
6.882237792968750000e+03
6.883487792968750000e+03
6.884737792968750000e+03
6.885987792968750000e+03
6.887237792968750000e+03
6.888487792968750000e+03
6.889737792968750000e+03
6.890987792968750000e+03
6.892237792968750000e+03
6.893487792968750000e+03
6.894737792968750000e+03
6.895987792968750000e+03
6.897237792968750000e+03
6.898487792968750000e+03
6.899737792968750000e+03
6.900987792968750000e+03
6.902237792968750000e+03
6.903487792968750000e+03
6.904737792968750000e+03
6.905987792968750000e+03
6.907237792968750000e+03
6.908487792968750000e+03
6.909737792968750000e+03
6.910987792968750000e+03
6.912237792968750000e+03
6.913487792968750000e+03
6.914737792968750000e+03
6.915987792968750000e+03
6.917237792968750000e+03
6.918487792968750000e+03
6.919737792968750000e+03
6.920987792968750000e+03
6.922237792968750000e+03
6.923487792968750000e+03
6.924737792968750000e+03
6.925987792968750000e+03
6.927237792968750000e+03
6.928487792968750000e+03
6.929737792968750000e+03
6.930987792968750000e+03
6.932237792968750000e+03
6.933487792968750000e+03
6.934737792968750000e+03
6.935987792968750000e+03
6.937237792968750000e+03
6.938487792968750000e+03
6.939737792968750000e+03
6.940987792968750000e+03
6.942237792968750000e+03
6.943487792968750000e+03
6.944737792968750000e+03
6.945987792968750000e+03
6.947237792968750000e+03
6.948487792968750000e+03
6.949737792968750000e+03
6.950987792968750000e+03
6.952237792968750000e+03
6.953487792968750000e+03
6.954737792968750000e+03
6.955987792968750000e+03
6.957237792968750000e+03
6.958487792968750000e+03
6.959737792968750000e+03
6.960987792968750000e+03
6.962237792968750000e+03
6.963487792968750000e+03
6.964737792968750000e+03
6.965987792968750000e+03
6.967237792968750000e+03
6.968487792968750000e+03
6.969737792968750000e+03
6.970987792968750000e+03
6.972237792968750000e+03
6.973487792968750000e+03
6.974737792968750000e+03
6.975987792968750000e+03
6.977237792968750000e+03
6.978487792968750000e+03
6.979737792968750000e+03
6.980987792968750000e+03
6.982237792968750000e+03
6.983487792968750000e+03
6.984737792968750000e+03
6.985987792968750000e+03
6.987237792968750000e+03
6.988487792968750000e+03
6.989737792968750000e+03
6.990987792968750000e+03
6.992237792968750000e+03
6.993487792968750000e+03
6.994737792968750000e+03
6.995987792968750000e+03
6.997237792968750000e+03
6.998487792968750000e+03
6.999737792968750000e+03
7.000987792968750000e+03
7.002237792968750000e+03
7.003487792968750000e+03
7.004737792968750000e+03
7.005987792968750000e+03
7.007237792968750000e+03
7.008487792968750000e+03
7.009737792968750000e+03
7.010987792968750000e+03
7.012237792968750000e+03
7.013487792968750000e+03
7.014737792968750000e+03
7.015987792968750000e+03
7.017237792968750000e+03
7.018487792968750000e+03
7.019737792968750000e+03
7.020987792968750000e+03
7.022237792968750000e+03
7.023487792968750000e+03
7.024737792968750000e+03
7.025987792968750000e+03
7.027237792968750000e+03
7.028487792968750000e+03
7.029737792968750000e+03
7.030987792968750000e+03
7.032237792968750000e+03
7.033487792968750000e+03
7.034737792968750000e+03
7.035987792968750000e+03
7.037237792968750000e+03
7.038487792968750000e+03
7.039737792968750000e+03
7.040987792968750000e+03
7.042237792968750000e+03
7.043487792968750000e+03
7.044737792968750000e+03
7.045987792968750000e+03
7.047237792968750000e+03
7.048487792968750000e+03
7.049737792968750000e+03
7.050987792968750000e+03
7.052237792968750000e+03
7.053487792968750000e+03
7.054737792968750000e+03
7.055987792968750000e+03
7.057237792968750000e+03
7.058487792968750000e+03
7.059737792968750000e+03
7.060987792968750000e+03
7.062237792968750000e+03
7.063487792968750000e+03
7.064737792968750000e+03
7.065987792968750000e+03
7.067237792968750000e+03
7.068487792968750000e+03
7.069737792968750000e+03
7.070987792968750000e+03
7.072237792968750000e+03
7.073487792968750000e+03
7.074737792968750000e+03
7.075987792968750000e+03
7.077237792968750000e+03
7.078487792968750000e+03
7.079737792968750000e+03
7.080987792968750000e+03
7.082237792968750000e+03
7.083487792968750000e+03
7.084737792968750000e+03
7.085987792968750000e+03
7.087237792968750000e+03
7.088487792968750000e+03
7.089737792968750000e+03
7.090987792968750000e+03
7.092237792968750000e+03
7.093487792968750000e+03
7.094737792968750000e+03
7.095987792968750000e+03
7.097237792968750000e+03
7.098487792968750000e+03
7.099737792968750000e+03
7.100987792968750000e+03
7.102237792968750000e+03
7.103487792968750000e+03
7.104737792968750000e+03
7.105987792968750000e+03
7.107237792968750000e+03
7.108487792968750000e+03
7.109737792968750000e+03
7.110987792968750000e+03
7.112237792968750000e+03
7.113487792968750000e+03
7.114737792968750000e+03
7.115987792968750000e+03
7.117237792968750000e+03
7.118487792968750000e+03
7.119737792968750000e+03
7.120987792968750000e+03
7.122237792968750000e+03
7.123487792968750000e+03
7.124737792968750000e+03
7.125987792968750000e+03
7.127237792968750000e+03
7.128487792968750000e+03
7.129737792968750000e+03
7.130987792968750000e+03
7.132237792968750000e+03
7.133487792968750000e+03
7.134737792968750000e+03
7.135987792968750000e+03
7.137237792968750000e+03
7.138487792968750000e+03
7.139737792968750000e+03
7.140987792968750000e+03
7.142237792968750000e+03
7.143487792968750000e+03
7.144737792968750000e+03
7.145987792968750000e+03
7.147237792968750000e+03
7.148487792968750000e+03
7.149737792968750000e+03
7.150987792968750000e+03
7.152237792968750000e+03
7.153487792968750000e+03
7.154737792968750000e+03
7.155987792968750000e+03
7.157237792968750000e+03
7.158487792968750000e+03
7.159737792968750000e+03
7.160987792968750000e+03
7.162237792968750000e+03
7.163487792968750000e+03
7.164737792968750000e+03
7.165987792968750000e+03
7.167237792968750000e+03
7.168487792968750000e+03
7.169737792968750000e+03
7.170987792968750000e+03
7.172237792968750000e+03
7.173487792968750000e+03
7.174737792968750000e+03
7.175987792968750000e+03
7.177237792968750000e+03
7.178487792968750000e+03
7.179737792968750000e+03
7.180987792968750000e+03
7.182237792968750000e+03
7.183487792968750000e+03
7.184737792968750000e+03
7.185987792968750000e+03
7.187237792968750000e+03
7.188487792968750000e+03
7.189737792968750000e+03
7.190987792968750000e+03
7.192237792968750000e+03
7.193487792968750000e+03
7.194737792968750000e+03
7.195987792968750000e+03
7.197237792968750000e+03
7.198487792968750000e+03
7.199737792968750000e+03
7.200987792968750000e+03
7.202237792968750000e+03
7.203487792968750000e+03
7.204737792968750000e+03
7.205987792968750000e+03
7.207237792968750000e+03
7.208487792968750000e+03
7.209737792968750000e+03
7.210987792968750000e+03
7.212237792968750000e+03
7.213487792968750000e+03
7.214737792968750000e+03
7.215987792968750000e+03
7.217237792968750000e+03
7.218487792968750000e+03
7.219737792968750000e+03
7.220987792968750000e+03
7.222237792968750000e+03
7.223487792968750000e+03
7.224737792968750000e+03
7.225987792968750000e+03
7.227237792968750000e+03
7.228487792968750000e+03
7.229737792968750000e+03
7.230987792968750000e+03
7.232237792968750000e+03
7.233487792968750000e+03
7.234737792968750000e+03
7.235987792968750000e+03
7.237237792968750000e+03
7.238487792968750000e+03
7.239737792968750000e+03
7.240987792968750000e+03
7.242237792968750000e+03
7.243487792968750000e+03
7.244737792968750000e+03
7.245987792968750000e+03
7.247237792968750000e+03
7.248487792968750000e+03
7.249737792968750000e+03
7.250987792968750000e+03
7.252237792968750000e+03
7.253487792968750000e+03
7.254737792968750000e+03
7.255987792968750000e+03
7.257237792968750000e+03
7.258487792968750000e+03
7.259737792968750000e+03
7.260987792968750000e+03
7.262237792968750000e+03
7.263487792968750000e+03
7.264737792968750000e+03
7.265987792968750000e+03
7.267237792968750000e+03
7.268487792968750000e+03
7.269737792968750000e+03
7.270987792968750000e+03
7.272237792968750000e+03
7.273487792968750000e+03
7.274737792968750000e+03
7.275987792968750000e+03
7.277237792968750000e+03
7.278487792968750000e+03
7.279737792968750000e+03
7.280987792968750000e+03
7.282237792968750000e+03
7.283487792968750000e+03
7.284737792968750000e+03
7.285987792968750000e+03
7.287237792968750000e+03
7.288487792968750000e+03
7.289737792968750000e+03
7.290987792968750000e+03
7.292237792968750000e+03
7.293487792968750000e+03
7.294737792968750000e+03
7.295987792968750000e+03
7.297237792968750000e+03
7.298487792968750000e+03
7.299737792968750000e+03
7.300987792968750000e+03
7.302237792968750000e+03
7.303487792968750000e+03
7.304737792968750000e+03
7.305987792968750000e+03
7.307237792968750000e+03
7.308487792968750000e+03
7.309737792968750000e+03
7.310987792968750000e+03
7.312237792968750000e+03
7.313487792968750000e+03
7.314737792968750000e+03
7.315987792968750000e+03
7.317237792968750000e+03
7.318487792968750000e+03
7.319737792968750000e+03
7.320987792968750000e+03
7.322237792968750000e+03
7.323487792968750000e+03
7.324737792968750000e+03
7.325987792968750000e+03
7.327237792968750000e+03
7.328487792968750000e+03
7.329737792968750000e+03
7.330987792968750000e+03
7.332237792968750000e+03
7.333487792968750000e+03
7.334737792968750000e+03
7.335987792968750000e+03
7.337237792968750000e+03
7.338487792968750000e+03
7.339737792968750000e+03
7.340987792968750000e+03
7.342237792968750000e+03
7.343487792968750000e+03
7.344737792968750000e+03
7.345987792968750000e+03
7.347237792968750000e+03
7.348487792968750000e+03
7.349737792968750000e+03
7.350987792968750000e+03
7.352237792968750000e+03
7.353487792968750000e+03
7.354737792968750000e+03
7.355987792968750000e+03
7.357237792968750000e+03
7.358487792968750000e+03
7.359737792968750000e+03
7.360987792968750000e+03
7.362237792968750000e+03
7.363487792968750000e+03
7.364737792968750000e+03
7.365987792968750000e+03
7.367237792968750000e+03
7.368487792968750000e+03
7.369737792968750000e+03
7.370987792968750000e+03
7.372237792968750000e+03
7.373487792968750000e+03
7.374737792968750000e+03
7.375987792968750000e+03
7.377237792968750000e+03
7.378487792968750000e+03
7.379737792968750000e+03
7.380987792968750000e+03
7.382237792968750000e+03
7.383487792968750000e+03
7.384737792968750000e+03
7.385987792968750000e+03
7.387237792968750000e+03
7.388487792968750000e+03
7.389737792968750000e+03
7.390987792968750000e+03
7.392237792968750000e+03
7.393487792968750000e+03
7.394737792968750000e+03
7.395987792968750000e+03
7.397237792968750000e+03
7.398487792968750000e+03
